PeriodX+-1:	1.0099016
PeriodX+-.01%:	1.0099016
PeriodY+-1:	2.0
PeriodY+-.01%:	2.0
PeriodZ+-1:	3.0
StrokeWeight:	2.0
PhaseXY(%):	0.465408
PhaseXZ(%):	1.4901161E-8
SpiralSpeed:	1.0
ColorMode:	3.0
SpiralSpacing:	0.13600007
PhaseAnimation:	0.008299993
ColorBlending:	1.0
